28.241
23.109
11.768
7.075
2.319
2.749
2.423
5.744
4.516
3.890
4.059
4.550
3.113
2.709
1.919
2.995
2.481
3.491
2.298
2.728
2.413
2.135
1.990
2.297
2.089
2.034
2.030
2.111
2.240
2.115
2.395
2.116
2.045
2.074
2.159
2.116
2.136
1.952
2.099
1.964
2.007
2.164
2.038
2.123
2.123
1.984
2.038
2.603
2.047
2.059
2.400
1.970
2.728
3.074
1.808
6.806
8.908
5.016
6.019
4.347
5.029
5.229
5.605
6.237
6.169
5.695
5.790
5.927
6.768
4.557
4.352
3.807
4.528
4.517
5.138
4.943
4.724
4.945
4.725
4.716
4.442
3.974
4.374
3.812
5.171
4.511
4.523
3.056
2.536
2.630
3.948
4.497
4.499
4.843
2.790
19.840
3.842
3.538
3.897
3.679
4.481
4.364
5.057
5.004
3.709
3.829
4.132
4.364
10.453
14.186
8.389
6.118
5.523
4.056
5.989
6.208
5.549
5.542
6.167
6.070
5.614
5.547
4.660
4.348
3.858
3.358
4.713
3.756
3.897
4.677
5.177
4.254
3.808
5.045
4.944
5.088
3.587
3.414
5.071
3.933
3.748
3.805
4.845
3.671
3.355
6.373
4.395
3.644
3.549
4.879
3.066
3.742
3.780
3.959
4.276
3.184
3.233
3.796
6.278
3.805
3.228
3.155
4.145
6.472
2.735
7.090
7.947
6.275
7.575
4.811
5.369
5.600
5.455
5.333
5.274
5.277
6.036
5.011
5.873
5.232
5.580
4.438
4.922
4.104
5.245
3.794
5.181
4.995
3.964
5.180
5.290
5.584
4.848
4.226
4.636
3.839
4.276
4.013
4.074
3.911
4.760
4.567
5.008
4.775
4.481
4.087
4.306
4.066
4.038
3.982
4.395
3.760
4.042
4.338
4.339
4.332
4.717
3.630
4.587
3.922
4.350
11.195
10.224
6.086
53.033
52.256
8.643
4.368
5.151
4.299
3.625
3.489
3.609
4.591
4.749
4.209
4.894
4.934
4.459
3.950
3.766
4.454
4.535
4.177
3.765
4.043
4.238
4.228
4.535
4.082
4.072
3.517
4.209
4.053
4.512
4.217
4.527
3.961
4.543
4.798
3.694
3.904
4.859
3.724
3.590
2.760
3.328
3.958
3.361
3.710
6.841
4.082
12.899
12.688
8.660
5.967
3.888
4.409
4.355
3.972
5.890
7.144
5.270
5.256
5.114
4.453
5.793
5.304
4.368
4.899
4.280
4.458
4.296
4.477
3.941
5.406
4.497
4.075
4.144
4.182
3.979
4.117
4.476
4.200
5.260
4.638
4.278
5.016
4.572
4.380
4.144
5.282
4.836
4.254
3.863
4.342
3.906
4.418
4.401
3.896
4.390
3.779
3.891
6.302
4.428
3.346
7.207
5.092
14.307
8.500
6.326
6.516
5.379
4.765
5.205
7.177
7.423
5.539
5.319
5.312
6.691
5.010
3.581
3.784
3.870
6.501
4.045
3.999
3.796
4.119
5.309
4.235
3.527
4.286
4.796
4.033
4.156
3.974
3.497
3.349
4.181
4.116
4.181
5.354
4.172
4.074
4.039
3.602
5.223
3.808
4.486
3.723
3.797
3.476
3.251
3.507
3.693
4.173
4.072
3.538
3.623
3.530
6.500
3.227
7.187
7.771
6.107
7.014
4.410
4.705
4.509
4.770
4.202
4.643
5.463
5.152
5.425
4.925
3.855
3.736
3.208
4.738
3.965
3.795
4.409
4.629
5.046
4.875
4.389
4.425
3.953
3.732
4.213
4.041
4.268
5.216
5.090
4.676
4.199
3.731
4.251
4.124
4.588
4.269
4.466
4.299
4.668
4.675
4.003
4.124
5.537
5.807
4.929
4.064
4.195
3.742
4.159
4.195
3.064
5.111
11.159
8.481
5.685
6.188
4.951
4.943
5.360
5.016
5.087
5.190
5.480
5.355
5.581
4.318
4.243
4.316
4.897
4.078
3.786
3.552
3.972
3.078
5.267
4.074
4.056
4.031
2.346
2.750
2.477
2.098
3.066
3.516
5.552
3.497
3.607
4.108
4.354
4.962
4.571
4.061
4.210
5.031
4.910
3.648
3.403
4.323
5.168
3.177
2.866
3.881
4.703
3.471
3.675
3.914
5.517
4.002
6.336
8.109
5.552
5.484
4.650
4.553
5.115
6.745
6.024
6.237
6.165
6.098
5.942
5.900
5.163
4.331
5.476
4.327
4.147
4.792
5.159
4.780
5.608
4.903
5.127
5.091
4.736
4.573
3.861
4.628
3.651
4.050
3.285
3.837
3.704
4.126
4.368
4.145
4.316
3.454
3.940
3.846
3.515
3.885
3.141
4.312
3.318
2.849
3.841
4.995
3.933
4.747
3.668
3.205
3.508
3.771
10.532
8.708
6.310
4.955
5.799
5.578
5.604
6.253
6.417
6.194
6.108
6.280
5.665
5.149
4.340
3.763
4.350
5.012
4.776
5.025
4.422
4.675
4.908
3.549
4.087
4.895
4.440
3.156
2.994
3.798
3.958
4.728
3.966
3.792
4.228
3.312
4.584
4.002
3.942
3.038
3.740
3.272
3.796
3.727
3.093
4.305
3.599
4.066
3.549
4.075
3.837
3.738
3.426
3.982
4.261
2.913
6.594
10.743
8.734
4.998
4.312
5.006
4.597
4.853
5.357
5.178
5.240
5.376
5.343
5.201
4.369
3.639
3.316
4.045
4.293
4.443
5.019
3.966
5.204
4.208
4.463
4.495
3.987
4.412
4.200
4.165
3.734
4.556
4.898
3.850
4.209
4.691
4.520
4.352
4.066
4.445
3.547
4.017
4.320
3.758
3.693
3.645
3.092
3.595
4.029
5.598
4.127
3.683
4.123
4.150
5.508
5.047
8.808
8.146
5.017
6.318
4.593
4.944
5.234
6.369
5.626
5.870
5.056
5.432
5.321
5.408
3.702
3.081
3.697
3.236
4.721
4.330
4.701
4.764
3.742
4.671
4.051
4.926
4.462
3.722
3.699
3.562
3.130
3.044
4.893
4.804
5.170
4.542
4.491
4.670
3.829
4.974
4.838
3.649
2.881
3.903
3.574
4.176
4.474
4.602
4.409
3.984
2.880
3.561
4.710
3.534
5.326
5.858
3.148
7.398
9.908
7.835
6.509
4.761
5.863
6.050
5.692
6.229
5.473
6.479
5.995
5.095
6.224
5.372
5.569
5.361
5.169
4.702
5.361
4.895
4.467
5.034
4.009
4.081
3.785
5.510
4.705
4.822
4.907
4.377
5.089
4.536
4.174
6.017
4.899
5.051
4.307
3.809
4.297
4.571
3.778
3.135
4.149
4.865
4.958
4.924
4.072
4.829
4.706
3.786
5.173
4.947
3.602
3.418
5.182
8.686
5.952
4.772
5.381
4.069
4.960
5.315
6.820
7.096
6.728
8.249
5.758
6.845
6.700
4.838
3.811
3.035
4.408
4.117
4.695
3.639
4.318
4.641
5.281
4.399
3.768
4.016
4.507
4.174
4.271
3.914
3.222
3.678
3.800
4.297
4.155
4.193
4.498
4.237
3.674
3.326
2.924
2.833
4.164
3.348
3.683
3.277
4.071
3.972
3.763
3.536
3.902
4.232
3.770
3.555
4.928
3.126
7.125
9.291
7.242
6.818
5.236
5.166
6.471
6.182
5.404
6.144
5.783
6.011
6.782
6.220
5.562
4.094
4.541
4.317
4.114
4.608
4.546
4.235
4.421
4.608
4.127
4.166
5.309
4.572
3.923
3.965
3.741
5.230
5.099
4.504
4.140
5.342
4.546
5.156
4.083
4.979
4.459
4.537
3.702
4.685
4.010
4.083
4.237
3.714
4.260
4.422
3.593
5.268
4.457
4.219
3.734
5.789
