5.676
2.892
2.523
2.647
2.889
2.733
4.926
3.271
2.702
3.059
2.953
2.722
2.754
5.990
2.754
2.543
2.914
2.667
2.910
5.745
3.335
3.661
3.116
3.664
2.896
2.903
4.025
2.957
5.589
2.272
1.951
2.369
2.329
5.697
2.920
2.475
1.713
1.471
4.120
2.734
1.971
2.753
1.289
8.126
1.840
3.549
2.320
2.215
2.821
2.547
3.110
2.683
2.292
2.273
2.607
2.833
1.101
2.014
2.862
2.391
2.569
2.650
2.318
1.157
2.437
2.824
2.421
2.739
2.301
3.020
2.569
2.261
2.222
2.089
2.660
11.031
7.087
2.223
2.038
2.104
2.287
1.822
2.418
1.829
2.362
3.344
2.813
3.060
2.881
2.685
2.870
3.734
2.559
2.810
2.886
5.406
3.685
3.105
3.453
2.646
2.718
2.634
2.628
3.615
2.717
2.733
3.162
2.792
2.621
3.128
3.580
2.397
2.574
2.606
2.344
2.238
3.127
3.256
2.589
2.611
2.482
2.259
2.323
2.541
3.601
3.277
2.856
2.474
2.065
2.170
2.329
2.923
2.645
2.365
2.736
2.598
2.337
4.070
1.187
2.674
2.583
2.710
2.185
2.388
3.098
2.132
2.200
2.226
1.932
2.402
2.178
2.957
1.952
2.052
2.358
2.291
2.267
2.178
2.049
2.489
2.131
2.374
2.721
2.640
2.034
1.841
1.981
2.184
2.384
2.205
1.767
2.060
1.999
1.761
1.532
2.163
3.491
2.855
2.203
2.917
2.326
2.405
3.164
2.365
2.040
2.020
2.009
2.277
3.034
2.228
2.105
2.509
2.220
2.604
3.401
2.285
2.069
2.392
2.739
2.073
3.187
3.428
2.335
2.558
2.236
2.104
2.107
3.364
2.716
2.307
2.298
2.069
2.081
1.759
3.234
3.108
2.339
1.834
2.157
1.497
1.714
1.701
3.997
1.995
2.798
2.780
2.098
2.105
3.705
2.459
2.281
2.189
2.351
2.307
2.268
3.480
2.418
2.498
2.087
2.766
2.553
2.329
3.605
2.121
2.563
2.547
2.316
2.158
2.063
2.516
2.178
2.235
3.512
2.156
2.498
2.137
1.900
2.146
2.224
2.132
1.292
1.401
1.195
0.966
1.684
1.783
1.793
2.393
2.475
3.412
3.487
3.358
3.036
2.993
2.751
2.685
3.794
2.886
2.800
2.787
3.647
2.825
2.721
3.983
2.635
2.980
3.239
2.573
3.630
2.677
3.970
3.231
2.807
2.705
2.848
3.408
2.551
2.537
2.897
2.660
2.815
3.319
3.456
2.266
2.573
2.255
2.214
2.532
2.646
3.030
2.443
2.163
2.081
2.795
2.514
2.216
1.856
3.457
2.376
2.479
2.602
2.259
2.204
3.272
3.212
2.878
2.368
2.598
2.441
2.374
2.290
2.946
2.244
2.340
2.426
2.505
2.464
3.325
1.875
1.510
1.601
3.059
2.127
2.067
2.136
2.064
2.175
2.205
3.026
1.888
2.168
2.156
1.922
1.904
1.795
2.450
2.070
2.003
1.880
1.884
1.849
2.319
2.052
1.392
2.381
2.909
3.611
3.086
2.867
3.015
3.516
3.200
3.068
3.847
2.847
2.578
3.046
2.626
2.923
3.689
2.666
2.880
2.853
2.678
3.033
3.630
2.719
2.916
2.601
2.719
3.272
3.771
3.026
2.173
2.670
2.951
2.723
2.743
3.437
3.790
2.517
2.129
2.044
2.553
2.229
2.400
2.772
2.157
2.661
2.235
2.899
1.461
2.334
2.013
3.366
2.295
3.143
2.218
2.540
2.940
2.628
3.159
2.564
2.241
2.370
2.336
2.142
2.106
3.044
2.042
1.941
2.209
2.289
3.018
3.695
2.150
2.539
2.024
2.269
2.130
2.534
2.116
2.141
2.119
2.134
2.418
2.200
2.190
1.897
1.861
1.990
1.846
2.270
1.916
1.950
1.730
1.708
1.749
1.780
2.505
2.145
2.594
2.685
2.500
1.948
2.544
3.238
2.941
3.353
2.743
2.838
4.102
3.310
2.850
2.792
2.644
3.246
2.743
2.612
3.693
2.884
3.160
2.646
4.586
3.576
2.718
2.576
2.801
2.720
2.899
2.901
3.788
2.419
2.460
2.362
3.328
2.297
3.044
3.435
2.795
2.455
2.131
1.998
2.111
2.458
2.708
2.424
2.396
2.440
2.160
1.816
1.928
2.693
3.913
2.584
2.786
1.543
2.660
2.594
2.651
3.319
2.106
1.719
1.105
2.539
2.105
2.812
3.485
2.428
2.605
2.577
2.085
2.584
2.657
3.147
2.352
2.179
2.431
2.337
2.234
2.798
2.297
1.993
2.585
3.712
2.413
2.412
2.149
1.983
2.251
2.318
2.243
2.006
2.007
1.830
1.855
1.768
1.924
2.196
1.845
1.764
1.657
2.050
2.045
1.960
1.720
1.799
2.253
2.271
3.179
2.336
1.962
2.099
2.167
2.153
2.272
2.129
2.198
2.074
2.065
2.070
2.560
2.349
2.097
2.226
2.201
2.195
2.137
2.085
2.037
2.346
2.222
1.957
2.413
1.370
1.412
2.822
3.140
3.057
2.986
3.069
3.101
2.792
3.671
3.005
3.008
2.719
2.726
2.950
3.633
2.580
2.736
2.688
2.716
2.386
3.634
2.754
2.564
2.510
2.628
2.527
3.256
3.417
2.321
2.429
2.460
2.642
2.681
2.721
3.004
2.230
2.073
2.274
1.865
1.815
2.577
2.849
1.977
1.923
2.112
1.960
2.504
2.601
2.728
2.259
3.678
2.763
2.313
2.416
2.251
2.079
2.526
2.548
3.143
2.216
2.447
2.080
2.243
2.315
2.931
2.019
2.560
2.685
2.590
2.319
2.736
2.808
2.251
2.647
2.087
2.517
2.638
2.128
2.320
2.290
2.333
2.433
2.411
2.392
2.182
1.916
2.316
1.751
2.200
2.410
2.288
1.914
1.630
2.277
1.724
2.142
1.936
2.597
2.259
2.167
2.105
2.320
2.951
2.337
2.038
2.136
2.121
2.378
2.796
3.281
2.109
2.628
2.013
2.115
2.171
2.828
2.381
3.200
2.054
1.985
2.722
3.416
2.084
1.976
2.446
2.829
2.817
2.605
3.121
2.298
2.062
1.972
1.924
1.990
2.243
2.813
1.991
1.902
2.084
2.107
1.224
1.953
2.016
2.611
2.854
2.886
2.563
2.090
2.200
2.672
2.950
2.393
2.282
5.049
2.828
2.251
2.379
2.824
2.201
2.168
2.537
2.290
2.358
3.199
2.298
2.401
2.093
2.392
2.428
2.278
2.277
2.052
2.251
2.040
2.622
2.384
1.914
2.135
1.971
1.787
1.943
2.391
2.194
2.096
1.996
1.714
1.878
1.363
2.571
2.345
2.038
2.087
3.203
3.581
2.424
2.584
2.086
2.460
2.309
2.522
3.164
2.564
2.035
2.036
2.376
3.285
3.582
2.094
2.383
2.267
2.021
2.436
2.920
1.969
2.029
1.952
2.073
2.250
2.588
2.940
2.810
2.129
2.095
1.965
1.881
1.872
3.065
1.773
1.880
1.770
2.053
1.651
2.093
2.669
2.346
2.920
3.244
2.532
2.319
2.181
2.135
2.902
2.511
2.913
2.258
2.249
2.475
2.397
2.965
2.667
3.232
2.179
2.456
2.152
2.526
2.092
2.432
3.134
2.245
2.717
2.469
2.529
2.221
2.146
2.153
2.177
2.197
2.601
2.442
1.925
2.153
1.746
1.688
2.145
1.876
1.971
2.031
1.885
1.671
1.921
1.730
1.939
2.104
1.902
2.099
2.267
2.894
3.612
2.933
2.954
2.874
3.087
2.772
3.430
3.115
2.694
2.961
2.829
2.838
3.117
3.509
2.904
3.043
2.620
3.212
2.764
3.517
2.679
2.749
2.933
2.724
2.985
3.474
2.394
2.571
2.930
2.948
2.885
3.356
3.390
2.694
2.557
2.216
2.218
2.128
2.370
2.860
2.407
2.462
2.409
2.704
1.970
1.738
2.682
2.987
3.268
3.371
2.324
2.507
2.770
2.263
2.367
2.630
3.173
2.125
2.114
2.291
2.377
2.438
2.926
2.493
2.499
2.294
2.529
2.278
2.462
2.996
1.995
2.154
2.114
2.506
2.338
2.191
2.202
2.239
2.238
2.334
2.720
2.035
2.151
1.729
2.101
2.242
2.142
2.079
1.934
2.102
2.113
1.862
1.769
1.804
1.633
2.849
2.256
2.077
2.191
2.323
3.089
2.488
2.289
2.427
2.510
2.587
2.194
3.284
1.983
2.035
2.812
2.801
1.695
2.899
2.881
2.543
2.362
2.141
2.454
3.012
1.974
2.673
2.287
1.967
1.971
2.313
2.861
2.444
2.277
2.162
1.824
1.835
2.138
2.547
2.054
2.073
2.112
1.881
2.066
1.831
2.271
3.228
1.473
1.768
1.529
2.292
2.362
2.226
3.349
2.830
2.153
2.350
2.713
2.293
2.608
2.892
2.283
1.979
2.179
2.047
2.298
2.359
3.747
2.873
2.322
2.836
2.439
2.442
3.333
2.024
2.192
2.083
2.751
2.279
2.244
2.232
1.987
2.242
2.119
2.481
2.241
1.877
1.780
1.723
1.686
2.141
1.838
2.309
1.877
2.121
1.759
1.894
2.034
2.530
2.136
2.273
2.687
2.759
2.142
2.346
2.103
2.275
1.966
2.001
2.202
2.768
3.363
3.243
2.978
3.166
3.125
3.258
3.795
2.876
2.744
2.771
2.924
2.953
2.899
3.445
2.546
2.961
2.885
4.033
3.587
3.566
2.683
3.087
2.932
2.783
2.918
3.496
2.579
2.839
2.512
2.622
2.727
3.098
3.160
2.673
2.203
2.332
2.501
1.982
2.309
3.163
2.272
2.432
2.028
1.595
2.349
2.157
2.667
2.523
3.264
2.825
2.485
2.319
2.951
2.547
2.569
2.024
2.611
2.177
2.125
3.059
2.027
2.601
2.462
2.301
2.557
3.513
2.326
2.372
2.239
2.624
2.299
2.094
2.416
2.256
2.299
2.506
2.374
2.098
1.967
2.008
1.704
1.929
2.127
2.074
1.830
2.228
2.042
1.886
1.995
2.145
1.758
1.999
2.370
2.720
2.343
2.501
2.150
2.230
2.129
2.028
2.138
2.476
2.325
2.384
2.352
2.302
2.209
1.819
1.402
2.021
1.550
2.268
2.425
2.218
2.167
2.068
2.221
2.218
1.733
1.884
1.912
1.847
